document_categories:
  high_complexity:
    confidence_threshold: 0.6
    criteria:
      avg_chars_per_page_min: 1720.1513440860215
      detected_table_count_min: 137.0
      image_area_ratio_min: 0.0004564245551335185
      x_cluster_count_min: 3
    description: Complex documents with rich layout and content
    recommended_strategy: vision
  moderate_complexity:
    confidence_threshold: 0.7
    criteria:
      avg_chars_per_page_max: 1720.1513440860215
      avg_chars_per_page_min: 1413.8333333333335
      detected_table_count_max: 137.0
      image_area_ratio_max: 0.0004564245551335185
      x_cluster_count_max: 3
    description: Documents with moderate layout complexity
    recommended_strategy: layout
  simple_text:
    confidence_threshold: 0.8
    criteria:
      avg_chars_per_page_max: 1413.8333333333335
      detected_table_count_max: 12.5
      image_area_ratio_max: 5.132925228411973e-05
      x_cluster_count_max: 2
    description: Simple text documents with low complexity
    recommended_strategy: fast_text
escalation_rules:
  confidence_escalation_threshold: 0.7
  fallback_to_manual_after: 9
  max_attempts_per_strategy: 3
metadata:
  analyzer_version: '1.0'
  corpus_size: 0
  generated_at: '2026-03-05T10:37:47.573265'
strategy_priorities:
  fast_text: 1
  layout: 2
  vision: 3
thresholds:
  avg_chars_per_page:
    max: 1826.5
    mean: 1067.0439634031316
    min: 0.0
    p10: 0.6421052631578947
    p25: 297.83815789473687
    p50: 1413.8333333333335
    p75: 1720.1513440860215
    p90: 1786.6564516129033
    p95: 1806.5782258064517
    std: 780.6263770745164
  char_variance_across_pages:
    max: 93.99999999999999
    mean: 15.846537148787498
    min: 0.0
    p10: 0.07031441906993909
    p25: 0.15502055565938694
    p50: 0.20980732329758828
    p75: 0.4445892905867756
    p90: 47.259489703994966
    p95: 70.62974485199747
    std: 34.95163559914768
  detected_table_count:
    max: 449.0
    mean: 161.16666666666666
    min: 0.0
    p10: 0.5
    p25: 12.5
    p50: 137.0
    p75: 239.0
    p90: 346.0
    p95: 397.5
    std: 162.55298281551842
  file_size_bytes:
    max: 35828477.0
    mean: 13417961.333333334
    min: 901209.0
    p10: 950437.0
    p25: 1469855.75
    p50: 11138509.5
    p75: 20225196.25
    p90: 28164937.5
    p95: 31996707.25
    std: 12974803.028018918
  image_area_ratio:
    max: 0.0014884354401554784
    mean: 0.000574455207856658
    min: 5.166056377656585e-07
    p10: 2.0695709016066176e-05
    p25: 5.132925228411973e-05
    p50: 0.0004564245551335185
    p75: 0.0009605805935923892
    p90: 0.0012462453594203888
    p95: 0.0013673403997879338
    std: 0.0005688062505364007
  tables_per_page:
    max: 7.483333333333333
    mean: 2.7936002641011126
    min: 0.0
    p10: 0.005263157894736842
    p25: 0.39983022071307295
    p50: 2.675537634408602
    p75: 3.8833333333333333
    p90: 5.7
    p95: 6.591666666666667
    std: 2.6231939066956342
  total_chars:
    max: 270756.0
    mean: 82188.0
    min: 0.0
    p10: 61.0
    p25: 3654.0
    p50: 56330.0
    p75: 106795.0
    p90: 190173.0
    p95: 230464.5
    std: 95461.31944056365
  total_pages:
    max: 155.0
    mean: 69.0
    min: 12.0
    p10: 22.0
    p25: 39.0
    p50: 60.0
    p75: 86.25
    p90: 125.0
    p95: 140.0
    std: 46.281745861624536
  x_cluster_count:
    max: 7.0
    mean: 3.3333333333333335
    min: 1.0
    p10: 1.0
    p25: 1.25
    p50: 3.0
    p75: 4.75
    p90: 6.0
    p95: 6.5
    std: 2.211083193570267
